4638
1618
2154
4483
9518
6903
6339
6953
8616
4826
5281
6686
738
6272
2990
9149
8697
8581
9997
815
3898
421
9357
5617
2339
8905
4244
8971
5950
2111
1757
6403
1788
5795
2709
9734
4392
1098
7620
7489
2842
6154
2130
9599
6444
3649
8038
3724
6952
6222
3179
1716
8218
2812
7078
8689
9723
852
9575
8946
1295
1663
7521
2876
6229
5452
9707
2246
2730
5855
4678
4699
9334
8847
880
5752
6409
6940
3794
2055
5760
6019
5806
3925
3624
2073
3043
4534
1398
6898
3469
6445
8712
8845
8122
7894
9698
9186
6045
7665
5955
4105
7425
4601
4354
612
2809
9118
9012
181
3830
1813
9560
3035
287
3609
5884
4804
563
5093
6470
2432
6386
4664
3956
5202
483
2487
7029
6674
9960
7125
2153
4777
2416
90
5680
1116
201
3638
7269
6216
3290
9898
9707
6268
9656
3317
5358
3475
5636
3888
6116
5140
2503
1979
1158
6887
9813
7489
9271
5034
5681
749
8178
9949
2253
9159
6590
203
1097
8138
9787
3222
7628
8832
1167
8455
3332
1991
8812
4844
8843
2287
3763
6955
8822
4600
5820
5080
3587
1636
7036
4510
3869
3389
6113
9603
3837
8394
7756
4367
1212
226
6727
5517
6791
4891
2362
3314
1762
1041
2248
8596
5483
8276
6103
7176
8651
7120
7877
6362
5789
8852
4233
7745
1652
3365
445
1690
3460
8585
5551
4048
8537
9375
5210
2083
2564
4813
1258
4107
4950
3277
1949
6064
1939
8092
4203
9045
9330
7004
2242
973
9059
28
2037
3006
9994
2959
7922
5978
4286
7772
6106
3495
9708
4959
1586
751
2
702
5972
7963
4167
4376
5458
9193
2735
9008
6825
5019
2180
4237
6172
5038
9848
2923
2150
3928
8803
7011
7333
7802
4975
214
1745
8210
6619
8570
8848
882
142
3802
1326
3982
5418
8578
2932
2015
2738
7426
9529
6887
4838
8726
9502
978
1483
7340
1389
6731
446
2183
909
8056
5018
3306
9367
7119
8329
8072
896
9556
3280
2945
4533
7402
2831
2308
4116
8844
6530
1352
5
2417
4433
3937
7398
1884
5335
6545
3118
8580
5030
7858
8867
3880
142
8538
9037
174
1047
5124
878
9786
9
8636
1433
3698
3517
954
3241
4993
9688
9262
4095
7638
8541
9084
7051
3786
8039
6929
4892
957
8980
947
8814
2346
2545
7171
505
675
4203
6322
8525
6549
9870
5034
9117
1220
1573
1403
9547
7726
6154
104
5579
8096
9443
1070
1204
8938
3563
6639
7271
3100
8626
163
3987
518
5232
3988
1515
7337
8128
5652
491
3485
3148
6501
9690
7281
14
9900
3853
520
7519
9714
5587
4671
5073
6356
6993
3473
2143
6475
2867
6141
323
684
5272
678
7947
2800
4611
4599
3500
4079
9702
6899
4619
9897
126
7878
786
5663
8313
7867
536
4816
7928
4848
4351
8761
1325
8237
7579
8684
4696
2696
5583
5044
4203
4084
1814
2196
5446
8094
6722
6928
8758
7699
6110
1420
3272
9019
8378
7662
852
3367
6569
6975
1883
3134
7833
7479
2946
744
1388
8305
5048
5014
3805
5782
1912
965
5278
1678
2835
791
2448
1641
8051
7407
1004
5690
2767
5971
7994
3624
9829
1316
6028
6295
5529
8027
1960
2112
8599
313
1812
2124
5243
4247
2481
506
6904
7976
3649
6167
8438
9398
1259
9292
6566
6705
6506
9653
3441
8738
5171
2499
7705
6492
7963
8584
7306
8125
9707
8996
8303
5422
5644
5866
4039
6915
387
3605
1218
1095
6136
7368
8960
5265
4200
502
6600
3450
3219
3048
4844
5166
7791
1306
3860
7408
348
7382
2729
6943
214
2380
141
979
8936
3304
2609
6018
1488
82
5920
4333
6770
4593
2612
8786
4912
811
9799
9989
8180
174
2103
3799
9544
7306
9650
6132
4151
7580
6104
4713
4837
5537
5235
3228
8373
6063
37
9345
9670
2814
1243
4159
6053
282
3475
9081
779
8283
7110
3166
9815
4181
8850
5449
1173
531
3682
2144
522
1747
2778
5655
4607
9460
6828
4564
2889
731
7826
7826
6627
840
7933
7594
5423
3890
399
6389
307
9476
9277
7186
2524
6697
5600
4512
3477
1645
1795
4913
2874
995
3164
3024
9506
1990
1727
9501
1355
3429
2776
6757
303
4317
8626
1407
2440
9411
4614
9754
2251
1984
3100
5615
8099
2425
3148
7919
8863
2021
3721
4537
9910
3447
9456
9911
6726
512
8004
3799
4812
8157
4270
3841
4317
1874
6413
669
3098
971
5398
4955
7162
7496
3928
8402
8906
7999
9260
9228
8189
2677
4447
8164
3244
6947
1952
4586
223
2911
3971
6901
467
8289
2075
6572
5777
816
5307
2724
3001
5873
3369
3426
3125
620
7162
7263
3312
1194
1751
9570
5094
8964
7959
2316
8444
1544
8089
3470
7600
2600
1268
7514
6999
5375
8850
9669
3021
3545
9256
4038
766
8660
9396
7103
686
114
7349
6854
3963
93
6726
7744
2071
573
7825
6092
3082
5424
5373
5404
7205
4844
5695
358
5941
2947
9642
6748
6051
4378
1695
3262
2736
2625
4658
1809
3834
8322
2764
8928
9647
4760
6731
6393
6484
4861
3410
7332
8732
5999
4883
2752
1780
3329
8120
1744
3292
1164
6087
2841
2568
3664
9334
5303
5604
7245
3086
3334
7219
1927
9744
1194
6500
9942
8677
7326
4795
378
7533
6424
1620
927
8959
5687
5555
9111
1491
7088
1523
5390
839
8701
9958
5830
2
7004
7897
5711
6814
2049
5911
2800
7105
4561
2802
4895
5697
3700
276
8032
5143
2494
464
4590
5633
3299
7594
6860
4965
4044
4260
993
6992
7601
1782
2270
7678
7061
9382
1116
3231
6982
3549
7200
3559
2914
8793
9630
9067
8415
8631
3252
8052
4574
4831
6637
9714
7094
2121
1829
7376
4615
1359
5614
3115
5806
225
6008
4026
7855
2846
4907
9364
4899
3319
9388
3058
6972
7622
6117
9743
6914
1987
4994
686
9185
5579
4632
7356
2116
4320
6858
1065
9060
6370
890
8693
5533
1975
9044
2802
6607
7040
4779
