8685
3989
6294
5222
2672
9696
2953
1297
1720
2769
9541
3393
8738
512
6963
3355
6940
8015
5264
2283
8476
9947
1204
428
9732
3509
2857
2441
8867
6546
3247
38
7636
5913
7842
2446
4668
506
5788
2771
468
2179
3950
1193
6619
3301
9456
5192
2684
5254
6035
3354
2089
4127
8504
2453
2288
2002
2041
8791
3408
6686
4080
2664
5628
8897
1120
2546
2419
7255
1553
6638
4441
5592
768
9502
1841
6420
8512
1245
8964
5506
7061
3839
2469
6511
3132
7247
6917
8505
3930
5929
7857
5303
9285
7622
6830
8220
1347
2833
527
8688
6611
5698
8925
364
4357
6117
2623
7079
9301
9786
4542
8629
4866
4950
9512
9818
5404
149
3344
1324
6499
7250
3473
1294
944
2372
9347
7073
9669
9820
4473
361
4030
3340
8569
1218
7389
6632
9820
4441
2069
1049
6159
3322
1769
7723
2026
7341
8717
1496
1701
9878
4073
5433
3969
8861
6294
3785
80
4199
2916
9319
3474
8727
4355
6004
8403
7983
9571
4457
2122
1026
9257
4379
7731
2040
4465
4516
5257
8310
2674
637
4355
5703
2850
5912
753
1873
4575
3486
3359
7784
8840
3210
9426
5447
7241
7516
2645
1872
9950
3529
8095
9592
1284
531
552
8302
9119
5205
7401
8840
1054
5259
3826
7869
6951
9756
9305
5248
392
3727
9167
4948
479
4900
3625
1018
5750
7541
6041
9867
5329
7114
8440
3157
4424
670
7879
67
4718
6851
8970
4236
6154
6936
6160
4290
3779
3901
2408
1325
7936
5808
5931
5325
1703
9796
2009
1551
7985
7315
3265
61
2267
9587
2354
7569
3817
8659
3750
5520
3729
1872
7620
5009
4457
5217
384
7144
4233
1595
6390
5697
8972
5796
8604
6713
9443
1524
339
3002
8936
3009
577
807
4108
6457
1172
5835
8285
4065
2962
9509
5888
5886
446
1797
6516
5793
7728
3409
3293
756
8034
196
6894
4947
2375
6188
4134
1801
6822
1805
4560
398
4462
5144
4831
6011
9340
7153
5184
9842
3117
4554
1468
2180
1728
4004
8158
2590
2615
3821
3307
6580
2044
739
2874
1735
1672
9760
3341
3880
8994
487
7946
9907
355
4406
376
1640
2366
169
1359
9628
7819
81
1707
2319
4905
9786
8062
8545
9111
4497
9817
981
4595
4767
6998
8883
5095
2090
57
8864
2644
6760
5546
2661
6204
8497
7589
396
3791
5231
1710
5123
3032
6491
3601
2319
2960
8387
9111
2469
8843
7566
8985
9811
8777
5696
1787
1706
6126
9083
3386
7182
8240
9446
2263
5849
1505
4260
9840
1939
7459
882
5214
7705
9983
6384
6176
9551
5762
8437
4742
3517
4375
7118
9745
1221
8305
218
426
6065
2512
520
1474
3498
1544
8176
5526
9082
6868
3459
6739
6954
5853
424
8556
7644
3661
2491
3282
8156
7686
5059
6918
6056
41
4449
2139
3962
5276
3678
890
3310
3596
4504
1413
4346
8795
7483
3607
1133
6885
1596
3767
9768
8069
9485
4785
28
2186
892
6795
7939
37
1077
8015
5663
1169
6762
4703
1437
5100
8586
6939
1030
7089
5466
2479
5662
8732
4648
4016
7990
7562
9280
5210
4471
312
3653
7409
8288
5303
8493
9564
6870
7276
2141
3249
7690
1844
7815
8035
7842
5498
2008
7174
4598
846
6923
6049
4707
9761
3330
4265
8523
5481
126
1325
1998
3090
2519
8720
3041
2368
384
9063
7357
8838
837
4875
2346
1353
9085
6328
5461
1579
9618
7724
5601
9503
1340
509
2390
8285
7410
6729
7454
5539
1204
677
8552
633
8382
5444
7772
9468
1475
1584
437
7197
5521
5541
3713
6725
4236
4029
1102
8229
1846
4071
1866
398
5024
7963
259
801
2778
7258
1342
3659
7851
6208
3913
7019
1359
763
8451
5236
5557
8492
4828
9377
9197
6944
9599
9633
8931
4748
8788
4257
7793
8658
6807
4665
2774
4824
2509
6385
7185
3273
2931
5134
3196
2662
6485
6968
3489
9645
5670
6599
3232
2729
7414
3331
8030
4409
9639
3703
9130
8838
1874
7101
4751
5485
9291
8401
5994
9127
6678
473
1550
9139
9891
5496
5296
192
4989
9819
4912
2405
5333
8898
1904
925
9385
6685
9318
7560
3445
4039
6587
5379
2514
8202
1962
7252
7144
2513
4876
4372
7493
1500
1212
7491
9191
9167
332
9320
1497
9252
1204
1585
6961
8093
4324
1428
3029
4170
459
6121
6712
3908
6090
384
7015
5698
8923
7035
99
6195
1300
2820
3726
8544
5
6773
9677
8486
5303
9624
2988
8636
2793
8432
8680
3041
5962
6569
9559
84
7686
7197
7377
9033
9102
7547
6668
5354
7901
8200
8826
8480
3164
1808
7110
4248
3189
5008
3508
1886
5981
4689
7765
1841
3362
8077
9834
3083
5553
857
7598
2959
5196
6624
7857
5823
7764
3833
7434
4480
3466
6693
9588
5089
3728
578
6428
9866
5083
278
4446
787
7599
9120
2838
9965
3578
6486
2431
7866
6325
4771
2702
7994
3273
702
2457
9360
2082
63
8610
859
252
3717
8797
9834
738
6902
3664
9872
1523
4793
6363
1606
4050
9940
208
3224
3805
5023
4534
7076
4221
962
4307
6511
9249
7405
3301
2077
6395
3904
4968
8976
6938
4029
1834
4543
1148
4216
8854
3312
8102
749
6439
3256
6567
1144
9789
1217
5669
1395
324
6727
826
9277
4779
236
5794
6093
9261
6533
3322
7836
1900
9090
1702
1388
1757
4923
6694
2860
6704
7960
9419
4411
458
7026
5237
1555
437
6196
1245
2523
4554
2121
8983
2331
5611
9364
5872
1817
984
4540
4854
3055
5
7937
4982
8541
3647
6798
5858
8606
831
9035
4684
8728
4160
5757
282
5541
1668
1957
7850
7031
3392
3840
9861
1781
6304
8379
2566
6258
1352
2552
2287
528
240
9037
9379
5437
2871
7501
2364
5270
4674
3992
4059
6038
4520
798
6972
564
1296
2027
8296
4266
6412
7458
3801
2971
8723
9500
9895
8640
3118
5573
3798
7962
9585
8146
7659
1985
7112
4123
2520
4633
9433
777
9176
2068
2494
420
7055
8964
4062
6398
5690
6179
661
9231
6938
2729
6596
8974
3386
5450
1689
840
9285
1482
9724
1269
647
117
9863
4748
8800
8277
3295
7836
2238
5099
4610
4922
8439
9507
4821
793
2314
333
5588
5516
8342
2027
2937
2361
3517
7178
9977
6511
2552
2449
5953
9191
9390
388
1228
3307
1178
5358
138
2988
1188
8883
6017
1045
6771
9949
2709
6945
5487
3331
2485
4134
9712
3931
3102
8360
5378
4368
5957
9031
6174
5441
469
5632
1815
6812
5575
6057
7176
1518
5989
2984
1847
2897
1308
3079
7434
8277
3402
7549
6446
1052
2640
2412
3148
2104
2035
6715
2862
8812
6598
2289
735
7067
1281
6255
5048
5149
5402
4126
8280
193
1714
6521
4482
5255
3565
7584
2974
9566
3137
73
521
387
5407
6088
3912
1371
3339
2816
8799
4350
8036
8680
5392
4872
2261
2656
8386
1592
6685
7674
9665
2916
1038
9807
3035
1876
9806
494
5242
156
6809
4960
6012
9946
8203
9500
8818
6372
9299
8524
4993
6555
4273
8708
4968
3244
4216
6912
61
4903
9062
1526
7391
2001
2912
4807
1206
2638
7095
8922
9745
6354
9686
8649
5141
379
6722
956
988
135
1923
7529
7429
5834
9960
6828
1890
2450
9557
6807
4691
5701
3174
7022
9976
5470
7840
1115
926
9469
8309
7491
9027
755
1050
706
7535
6355
2479
6160
5635
6418
5459
2342
1086
2935
7104
1513
4670
5170
2285
7293
3116
4613
2849
7486
1742
5728
8566
3732
6604
5726
7472
6138
8248
6032
1753
6864
6566
7631
2720
7874
6509
8437
495
6891
3449
1617
8308
3705
8770
2919
3748
2346
4301
4332
131
4249
850
189
9313
6636
957
9978
4750
286
1171
946
9863
5358
7142
5017
103
7971
8284
4895
9251
4266
4387
2144
400
2732
5383
9191
7230
4418
3953
6214
3779
6570
3417
4572
469
6869
8507
9699
3181
5436
9142
8443
6207
6738
9893
552
8785
332
7945
5636
2446
9009
7679
569
7840
3064
5841
5421
4791
5362
3033
3736
8450
727
4465
588
8298
7646
9570
5045
733
5777
5058
5663
2336
2375
8657
4222
1931
5043
4553
7836
1973
2097
1359
6691
8172
3924
9325
7207
7551
3595
6224
4317
9805
8724
6051
9552
2537
1977
4347
1474
8427
9096
2514
8498
4847
8881
3582
8129
6419
8830
7239
5335
543
3701
9992
1031
984
8660
6489
7667
4683
9778
8134
7697
9
5058
8982
7920
3345
7769
5091
6754
1624
6784
8856
2375
4559
6914
1854
1219
4362
5723
978
681
6042
7068
4108
8333
4905
3733
1799
1327
464
7364
5138
4841
3760
2825
6319
9050
3981
696
1870
1422
8459
8261
149
6501
8836
6684
788
7460
5639
8570
8739
6779
2877
6067
1862
7916
8085
9338
2843
4886
7878
3832
5755
6934
1465
2791
5570
1204
1736
3445
5053
7956
8195
3461
2243
1107
1700
4607
5019
5627
5593
6155
9247
9376
1553
1998
4623
3792
5360
2373
6211
8482
9987
3829
3702
3813
5908
9330
8647
1769
4330
1659
3844
149
2126
7563
3444
5703
8462
9106
3909
7951
6465
98
2990
8879
8187
8661
1241
2722
5955
8604
9263
6297
8138
5952
2435
1126
3106
6899
3741
2328
5124
1344
1524
5516
91
5164
7104
616
1662
7275
6578
8215
4791
601
9825
8687
1456
8557
4105
6624
2963
6872
1701
5220
4423
358
1587
9378
8820
8275
2532
2894
1066
5730
3233
4671
593
3159
3373
8175
7714
8529
1459
9785
4694
99
6676
3923
8420
886
3873
6174
3666
5248
1967
9596
3410
3537
9196
2772
4650
4108
8511
2975
7302
5450
5047
493
9786
4154
4098
3946
4080
2641
1037
5544
7420
8705
6058
7772
2870
8511
4909
4150
8384
2175
9099
9735
7843
5002
1229
7507
5463
2080
8187
425
8027
6023
5607
1822
6510
8578
9342
54
6060
4480
316
2862
3250
5405
6558
3901
3131
1026
479
4857
959
4147
5906
5124
9300
5444
2875
6909
8567
4152
1268
1738
2942
17
1199
2615
4822
3009
6747
6905
1665
3426
8321
6445
3184
2420
3345
5114
5347
6812
7567
2716
226
4086
5456
332
5261
4656
2231
1416
2063
5563
9398
2277
7500
9470
4461
6728
8264
5059
3901
7564
6398
8109
582
8369
9178
3943
6041
5144
816
100
2535
3998
6336
1340
8851
3742
5169
918
7133
5119
8176
4087
4645
2273
9823
4354
3305
5993
8380
1710
4619
248
6906
1519
7397
6798
4736
9115
8773
9623
7732
2709
718
5557
3754
6204
938
4077
4258
1230
7610
5265
365
8877
2547
7361
7400
220
1314
4990
2535
9416
3617
5642
9145
8204
4153
11
530
9681
6801
3720
8846
8352
6071
723
6686
1452
4874
5453
6386
855
406
5103
1900
6325
5682
4876
6630
1602
217
211
588
3828
797
3685
6787
459
1449
1266
7928
508
2588
7879
9799
7291
1224
8193
4673
2714
7829
8345
7861
1535
5896
5869
645
3073
1785
5777
3515
7037
8733
1304
3010
1283
6079
5971
3560
138
5416
1132
1065
3711
4419
6692
8185
3567
1909
5613
8476
1546
7226
9579
5964
5510
5688
8072
6118
9565
9471
4488
8280
5539
8889
516
6791
9146
9524
3603
1799
538
5673
3905
2526
1310
7698
4009
1418
6897
5322
1845
6918
5181
9705
4221
4937
7122
3997
7337
6267
2895
6819
3279
3296
7633
8418
9342
1710
9754
7395
6835
4935
9584
4277
8246
6193
6902
9872
5209
9945
4183
3925
8259
5369
5456
881
5404
191
2666
4018
9540
4664
9129
4631
1337
1704
5973
5533
3354
6554
7838
2445
462
9435
8190
4750
5429
2613
469
1279
8153
8662
7286
3199
7603
5216
3333
305
6840
2141
7547
2681
6172
5471
9242
3625
2687
4723
4840
5157
9145
8928
8318
4738
6685
4981
4829
2105
4765
1846
6517
7458
8065
5642
2062
6985
4364
7103
732
7709
2490
1493
5196
3338
8728
3988
2356
7093
6647
1032
3533
7260
8864
5309
5104
4245
8818
7650
3106
5104
6919
1760
6423
1978
1879
3887
4741
5693
7819
6255
8463
1781
7548
929
4386
3900
1438
2552
3979
3467
8211
4555
13
453
4994
2254
3812
3984
8456
1313
1727
8436
4403
6259
4404
3988
2492
3895
5750
3190
3602
2650
3113
3198
6859
7157
2615
1827
9508
635
5554
823
8811
7835
5997
5254
588
6752
8727
3059
6724
8513
8850
3601
758
43
653
4904
4350
6316
3619
3314
1221
5709
835
169
4385
8281
3567
8578
8931
3032
4707
1299
9162
1655
6899
3389
9426
7742
3663
2117
5439
938
182
6770
2881
6531
3765
9021
7863
9457
9577
3986
3330
1400
7935
3928
6850
1255
7420
141
5340
583
7093
676
3564
5367
6465
4107
562
6781
4933
3015
5905
4760
2272
738
7433
4764
1709
4360
3276
9025
8681
653
8771
6016
791
4578
1958
3860
3844
7021
4437
6056
793
9250
1976
785
8416
575
946
6630
2521
1482
7610
6649
6002
5732
6870
8105
6114
663
6333
8691
582
6555
5230
7256
3382
3358
1601
7837
5705
295
6838
6865
1259
6498
5700
834
5226
8662
2115
1147
6884
1265
6705
2500
460
5960
925
841
2149
6545
146
450
1415
6626
9983
4638
3056
8498
4219
5193
6819
5775
1283
7264
1232
561
4074
8230
8224
3932
9283
4195
8288
180
6563
1437
4005
1493
7711
6868
4671
9191
8856
4432
6403
9302
9164
7802
4198
1313
8927
4860
1199
4512
87
7677
4451
4756
1541
6249
231
5360
1568
4146
1761
3622
4866
3316
1662
4522
5663
8150
5941
2423
1037
166
8988
7650
9731
1689
7697
8837
3110
6845
9887
2496
1590
1043
9743
5376
4651
2205
887
8331
5395
4472
5662
5093
8464
8276
8648
1232
6188
936
1464
547
1358
3478
3122
5948
7512
6093
468
9919
1781
3209
2503
2093
826
4155
2409
7106
9432
5445
5588
28
5797
2879
2635
3102
7706
6829
2087
8057
9606
7455
2021
8122
7386
6212
712
8043
3632
3733
4293
6006
1490
4667
7477
9428
7984
310
8170
2377
3005
9427
4667
4914
7658
1119
4173
2138
5599
4674
9439
16
6102
3979
1654
3344
8453
4825
5753
5474
254
5367
6881
780
2751
491
9426
3520
5073
5098
5473
6476
4511
9109
8641
1807
255
9045
7570
808
755
1854
5616
8052
8895
6818
7241
4424
6941
2882
4695
4130
1465
9403
7642
7711
2715
8351
4930
5965
4998
6454
9279
2267
3788
262
4772
1043
5262
2278
4032
5122
9475
6632
4943
6276
6739
9011
785
3587
9759
2705
3498
3915
9161
7455
7046
5384
8223
6666
8995
4233
998
2439
9988
4704
5831
4092
1850
1874
6682
9027
8395
5704
7311
3434
1815
1170
3243
616
4380
8387
5468
358
922
6946
9180
3049
3937
4282
3708
5529
2047
1200
7406
56
2460
6321
866
6232
6298
2390
5614
8058
5388
6925
5454
107
3736
4515
5517
5103
4647
7997
1313
9282
7135
3367
7335
9789
3976
6731
5174
9063
867
8589
4014
8271
1550
6033
5583
751
5417
5077
3426
1220
8585
1029
7381
6010
2273
5820
3962
8257
8477
8375
2167
6964
211
5403
8927
6984
941
1531
82
9872
1424
5265
3920
6667
2059
1874
7040
9627
867
6271
6516
3095
9431
3898
4928
2658
7188
9564
8145
5637
4223
9180
5275
6747
1979
1476
3549
9354
4264
6360
1961
3557
3192
4856
3110
3703
4110
1645
9596
5350
1460
9873
4089
7063
9738
697
6010
9512
917
9775
7054
5498
1460
7691
9361
6486
3915
5329
1218
7424
7545
3785
138
4254
6459
8491
4306
6293
9706
4258
3438
6547
7257
7117
5867
4184
2399
6114
2252
3691
1636
4824
6809
8392
14
3114
3344
6357
5123
7073
1642
6316
864
8286
8493
9441
2475
6876
1478
6820
6591
4389
6425
1064
7580
6579
154
9578
6353
5851
5610
230
9118
3363
4616
9781
6178
3279
8845
3816
3017
620
1572
3358
7314
117
3662
7631
6308
3974
6461
7956
7099
4594
465
8820
4657
5346
2621
1607
3295
3774
9
5174
6714
985
3715
7183
9288
9859
140
9584
2066
5191
8238
8120
4971
2634
3633
7504
3910
5680
5154
2758
777
9647
4751
2407
1171
2859
847
9943
6483
39
7665
294
8314
9392
5635
8170
1169
1373
8198
6734
3084
7815
2530
3715
5754
1846
1176
4813
8357
4437
5830
8246
640
501
284
2578
3446
3773
8789
7995
8834
9765
7172
9576
5218
890
8054
3966
5942
9034
7555
8378
9210
2850
6604
6209
20
5127
8757
5838
2464
9130
2416
2893
239
5877
5568
2847
6376
3194
5628
1579
6657
2393
2755
2998
9580
2954
9688
6066
8081
2815
7274
4923
9196
3869
8288
5005
477
7543
5035
6734
8708
4941
3417
4654
842
8352
6833
8963
6149
1227
4854
8430
218
9442
7741
3960
3736
2710
765
8455
6532
3609
7986
497
628
5010
983
8104
8031
5173
1775
2385
4143
6628
7966
5849
511
2110
1878
6141
1488
3139
9586
6867
8074
5098
5652
1051
6103
6893
4359
8527
1686
7766
3291
9460
8590
1952
3327
4023
760
668
9900
2525
8037
2831
5352
6428
6810
4125
1685
4990
5908
9898
9482
5922
7947
8732
4456
6705
3747
3874
3801
7925
1355
4464
1281
5593
7184
1576
3841
745
5617
6578
6227
3039
1538
7830
2475
3301
8961
7271
1029
9204
2811
4342
6075
6472
8142
8882
1955
981
1816
4987
1244
9917
970
8728
8548
601
2209
158
4755
7802
1098
3367
3689
7477
6544
1676
7515
6684
2559
5517
7163
9801
7580
4490
5071
9508
7655
1612
1888
4977
7492
7337
9069
5615
4942
1865
5384
390
7759
7815
6812
2433
7240
886
5450
2967
3075
6123
4462
7899
6187
7808
8580
2503
8684
8943
3050
1897
5738
2493
4409
2312
495
6195
8906
2134
9011
791
4282
3102
9657
681
8624
1849
6304
6401
9284
1737
1819
2441
9561
4483
9200
9414
6946
4599
3913
4031
8397
9573
4775
511
2166
3756
4901
8891
3517
6349
8072
3407
4496
9243
3904
133
1327
3069
9994
1759
2606
3787
2737
1804
6454
7838
348
7954
8618
4161
3189
7679
5842
2515
7999
9416
479
4267
2088
4748
887
5194
3910
3435
698
4941
9511
7591
9174
6717
5993
639
3167
9494
7467
5121
2936
2485
1101
1986
113
4142
1101
3333
7394
414
3761
8255
2821
1000
8249
4659
94
9116
6251
4272
7710
3770
6621
7721
2947
5952
4557
8177
391
7973
9456
7865
248
4644
5186
4270
2095
5592
8174
2278
9032
5804
1404
9648
9894
9414
5191
8564
2342
9919
197
7680
8521
7093
3349
6946
2863
708
8750
8222
3751
6450
1904
8687
5830
7801
6071
335
8382
7905
8340
2491
8408
1106
6132
7237
203
1134
5694
7182
2982
1754
8351
7469
265
27
1147
7105
762
3562
6888
5430
6894
2940
1291
1933
8616
6810
2041
6831
9156
3589
7883
8027
8006
5607
7352
5195
5592
6981
7844
1643
1144
7583
9320
5582
241
4562
8080
1186
7463
894
1074
1738
6926
226
7918
3949
2409
8707
1371
8415
283
3875
1080
2807
7448
9279
9548
2594
9346
3602
5001
5212
1931
2308
2776
4240
6648
8296
5752
2853
7262
4897
2261
9547
9468
5310
370
4371
2861
2037
5870
1471
5455
8274
3288
6006
972
7911
932
6311
8971
7730
2306
1547
8968
6779
9035
8330
1533
7088
1185
9394
6221
8136
1399
4175
6397
4464
5139
6883
7926
5360
7275
8536
8260
4179
6127
752
814
4001
4921
6917
4288
4044
9096
6421
586
7097
9493
9547
5218
2257
8829
5231
8966
323
352
7064
5059
1613
4759
3598
4380
731
7116
3566
2184
9346
1183
1206
1450
7882
4493
9290
4216
7126
7864
4891
9314
3204
8363
2640
2638
9240
6435
5058
2508
9027
9188
2843
8010
7995
8373
267
2120
971
7554
3903
2990
9806
7189
9428
5130
8629
5350
1113
5637
9471
9926
572
9894
3289
1730
467
2534
10
9989
7805
1828
7681
7259
1752
5300
1617
7861
6197
3450
543
3259
913
7937
4179
2967
3838
8279
7944
7349
2563
5557
4666
6832
6040
5998
9910
4673
8708
7482
6668
7906
9439
2756
2140
6642
3490
3763
6931
3162
389
2307
3739
6407
9187
6021
5303
5521
8066
8112
8141
2290
353
8588
6348
641
1010
880
2228
1390
7220
8925
4474
7012
3874
8488
9152
5832
2088
1295
8888
9355
227
6321
4326
3000
2269
3186
5299
2521
5128
5795
4961
3801
7874
4193
8282
7504
7064
9158
2623
943
1067
598
3894
6924
551
9085
5517
2265
5460
8144
2618
8877
3150
4487
6805
8803
6153
3946
9042
1014
7954
7375
4005
6507
1547
627
6708
6073
131
5763
6751
8453
9258
7260
6410
8164
5016
9213
7805
8926
5965
7494
6417
7690
871
9548
217
6580
6852
5534
6169
7293
7413
3701
2487
4076
5441
7561
279
3249
5214
7125
9857
9462
8843
8551
6098
3776
3434
4259
6287
7032
1340
9834
9261
9809
5225
4123
3565
796
2217
4427
998
6218
3155
6751
9502
6547
8066
5100
6086
7209
3177
4108
3293
7601
7516
5440
7132
3603
7947
3609
1865
947
4489
8774
2723
85
3598
5857
5137
9027
3806
2969
9608
8477
86
6313
8090
1124
7144
3955
9443
7760
8703
9054
8374
6783
6465
4547
8137
2348
8706
5539
6937
3483
8739
3880
5255
1349
7865
7397
3168
16
2700
9432
3459
7285
8451
6311
125
1990
4124
9838
4382
7219
1400
9476
3668
6408
361
1497
5990
6481
9397
3872
1404
6652
4686
938
5182
2724
2117
5386
404
9260
5381
335
482
4107
5225
6883
64
4933
7229
9789
354
6457
1588
5567
8839
6498
2987
3249
4026
9831
8656
6255
8311
6362
79
6492
8515
9085
2525
6451
2444
6908
7077
4346
7291
8136
1281
6383
6610
8548
442
876
1496
2548
5718
2205
3790
6423
7064
6220
7536
6648
9587
6347
5992
4702
3438
3338
7344
8450
3845
2487
6461
1028
1644
9211
741
8312
2310
6702
2454
4866
4558
6223
7800
8353
8623
3687
8975
9731
9420
2005
422
123
266
3034
6027
9407
5311
2748
103
2663
5884
1574
1543
7526
4607
1361
1701
8030
4147
2031
3022
1161
4166
5547
1282
1243
7862
6201
992
2576
9286
1641
4552
8369
5096
3843
163
6605
7594
9512
8886
4943
5551
1425
9423
1084
7038
991
3046
9939
4005
652
2988
7363
1011
7649
3787
5152
276
8707
9361
3151
60
6878
1638
9090
78
766
8725
6132
5085
8305
2946
8267
4247
8751
6806
324
6130
3046
3899
1262
3174
2620
7780
4934
5745
1725
850
3902
8488
1569
2894
3048
93
284
9675
6339
6796
8137
3378
2581
3741
1816
8470
4440
6527
5482
5949
9972
4164
5841
1629
587
7493
4003
4719
5973
1437
626
7491
3264
9606
53
7530
994
6738
5896
4355
1341
1673
3996
1391
3233
4688
9112
5315
8028
3028
3062
5463
3403
922
5590
7635
7042
4970
7514
518
9165
7642
7548
6540
1061
7114
6950
4575
4211
9907
5951
5042
1091
3651
5662
3174
8195
4932
2222
9230
970
2217
1434
8570
2506
193
9941
7942
4462
103
2423
2735
3512
6513
3295
7814
598
655
5461
4982
2924
4598
3066
4648
3182
3918
3398
9145
1231
5994
7586
1839
192
5618
6100
517
7914
8341
1434
5150
9038
8574
8728
9729
5970
264
7277
8759
772
7914
2294
1903
3876
4283
3899
532
9476
2958
7998
4198
7920
8155
3556
2859
8848
9403
9881
9620
1946
7267
1346
2734
3015
6490
7845
4870
4406
9600
7697
3470
5195
863
3457
5745
6983
7287
8245
3919
1703
2911
2430
8263
6940
5861
1392
2538
839
6241
2746
3437
7616
9142
2377
3428
6487
8
4623
7607
1235
3772
1162
7019
6919
8727
9974
1014
8545
15
1779
1406
3446
9683
6052
5537
4074
3356
4756
3872
5454
9975
7416
7501
1405
130
6024
7241
8190
6263
2643
7187
3461
7017
9331
3247
4323
9615
7677
1084
2212
3958
9925
7156
4344
9004
6103
5503
724
2541
2705
7208
7429
7603
3042
7808
1052
506
5586
9521
9280
6532
5936
4026
2008
3078
5765
4637
2618
2395
8783
9333
5427
7380
5352
9632
7157
83
5294
5564
1607
6461
7657
8148
3109
3813
340
8311
9247
9923
9236
6200
4753
4546
7810
8067
6982
2881
2565
8101
7574
1573
281
1448
3612
1074
5249
867
288
9971
8853
1431
2358
9619
8219
1072
8216
4972
2358
8646
2336
2904
84
2333
4601
7812
3642
8294
6227
7346
7993
9306
9481
4544
5977
6274
5234
3924
8195
588
2373
6589
4401
215
1209
3928
6701
2736
5233
8108
2372
4703
2796
2733
2800
4864
6926
2998
6190
8161
9535
604
7108
4012
3651
8624
8581
5640
1381
2798
2660
412
8803
3563
2098
4212
9212
5800
2864
5792
1336
1520
4191
4039
8861
6336
8299
7026
8642
8950
2975
5419
2412
8375
171
7939
4387
8300
4665
6282
8658
3338
7572
2103
4630
6956
3583
2293
1004
2390
3428
5625
4842
1454
4978
1683
3599
5700
6342
794
7336
8066
2674
2170
2758
6220
3267
6094
7932
5499
2908
450
1701
9407
975
7791
2935
7309
7651
1699
4411
5469
5363
5254
7609
5792
480
8628
9784
290
9167
4201
3380
6405
5748
5290
627
4558
1780
7100
3210
5456
3828
8599
382
2624
7520
8838
9575
4691
133
962
7354
3356
6324
3242
558
1950
8465
5322
5585
6793
7923
7495
5941
3221
820
1103
1984
9234
3959
6987
1555
1583
942
2140
154
9992
808
1274
4469
5519
9722
8620
855
2940
5325
7521
5154
1500
6709
5394
7122
1213
4150
1214
307
6273
3152
9364
942
9126
6535
1225
4212
6731
8807
3679
2190
3265
8885
7157
3590
4826
6615
914
3174
1621
3012
8996
8781
4679
3532
2226
9396
5077
7602
8505
3450
5997
5338
1753
3034
9045
1203
4348
6679
4526
6803
9459
4807
9647
1349
7663
3167
2468
645
2041
24
9632
7574
9684
6659
3775
4232
2522
7613
2608
4793
1504
5198
2508
2538
5097
9930
4247
8870
7519
4063
625
5776
6055
6824
5020
9322
4774
1360
2326
9789
927
9961
6596
5640
8770
3863
5340
6541
5952
4723
4171
3603
9811
102
3611
6414
175
8696
2415
6897
4784
33
4051
1994
6050
848
6630
1927
9603
786
8185
1661
4093
2900
9544
2633
8588
9538
9105
7679
1805
2590
4514
3204
4394
605
3191
1434
2788
4674
2648
9804
789
22
4911
2384
7658
2312
3706
1025
7914
4191
8797
3258
6122
4882
1935
5374
7158
5828
1116
7969
8480
3695
3443
7889
4085
8151
4450
5579
9944
6740
37
9453
2568
3714
8964
39
4699
2456
8613
2172
150
4495
690
7698
5137
7839
5204
4431
3380
7651
9276
8506
2127
1066
5916
6230
247
9417
2922
2033
4460
9411
1579
2195
8489
7178
4261
8844
534
7065
535
5193
1102
952
9673
3023
3430
7262
2405
9799
9575
8534
2003
5377
4620
6600
246
7078
2949
2654
1397
7733
6856
4101
617
7675
4504
2120
1095
4042
2046
4050
5098
5592
3481
1032
570
1251
7707
7826
5451
7401
2070
8092
4704
2258
4485
5149
6522
394
1496
1015
3545
2901
2714
8311
1045
7830
7568
8320
1880
7341
4637
4047
2200
4210
5267
6262
5673
2421
4782
9061
136
2159
5116
9392
6132
8487
1188
8368
9100
6792
2441
3029
2387
7147
4881
8273
4061
3224
3105
7202
3247
3623
3758
3381
8417
2032
370
3504
3064
9472
5222
647
7997
7573
8245
5204
8227
6579
3460
1895
9026
7303
4121
1162
4535
3606
4372
8739
3601
6061
1812
4569
6998
5437
678
5731
4666
5975
7672
1567
9843
4301
4883
3655
5946
9701
5571
7686
4485
4443
6946
118
1621
5672
815
7224
3581
8271
8563
8102
20
6499
1599
3103
6517
5862
473
9405
7077
9248
1217
4325
6312
7107
5778
4134
2752
7370
8849
6146
5337
8613
1012
9960
5350
589
6671
8310
2493
3055
2412
6338
5679
1829
8848
787
9874
7778
9937
9786
2039
1911
8794
5634
1027
4742
7779
493
1132
1681
1375
7672
9601
596
5157
5496
1251
154
1705
6356
7619
7281
6958
1809
4463
1407
3733
6946
1624
3173
7431
8752
2305
1686
3826
4309
6535
6677
1010
7265
8849
9002
4289
5049
8917
5035
7813
5904
9051
3625
5123
6858
313
1817
9763
1674
761
3367
9482
665
2674
8270
7256
8194
1581
2222
7795
8720
1343
2131
3406
782
2180
2465
5085
3222
138
982
7992
7764
9805
2661
4231
7961
4787
5176
4810
5769
4833
1399
7549
3613
9624
3306
8113
217
2617
2203
5201
79
739
491
2184
8794
9187
5880
6067
8444
2850
9595
3942
9620
9259
7691
2833
4406
5739
9520
8936
4096
3014
7923
8098
9832
20
7331
8545
1725
270
1610
6307
2124
7061
744
7546
6600
8091
2624
6398
2440
2971
6806
5702
7361
1253
2989
1698
6165
44
8114
3112
4541
3
559
7488
6398
5232
3846
7256
8932
8056
996
9480
3010
4206
673
1073
4970
7314
2627
4868
638
1214
844
8997
788
9699
6298
6630
2997
8232
266
9195
1755
8152
6076
3218
2160
6477
7445
8244
2722
5361
3589
233
8990
8377
8596
1750
7522
630
6495
6558
3239
1133
8462
8717
7766
9218
4494
7246
1549
8648
8489
2583
3029
2056
5468
2639
4082
7693
990
1109
996
8144
9328
9579
6782
9808
2402
505
4784
7510
6643
1287
5761
9595
3063
493
4155
9256
2145
1210
6219
4145
9108
3892
9935
2615
6526
5595
8427
2644
2720
8044
2660
8
3898
3681
1542
7209
5766
995
955
7200
3424
5681
4575
1443
1550
4813
7523
5208
6411
7006
4711
7642
7279
1920
7745
695
1840
3290
6042
5333
5266
1675
4268
2738
1842
668
9706
8881
556
3235
2443
3972
4727
4066
8683
3341
7369
4112
450
55
4818
9708
2757
3735
1909
8861
7683
5660
3508
4313
1387
3870
3218
6364
8322
5839
9285
1982
957
3298
7509
6991
5382
4460
5177
541
2167
4762
9049
1058
7326
7342
179
2366
2740
8103
9591
2504
9893
1642
7314
7961
271
7352
4772
5739
7457
4449
9358
1960
5367
8243
8493
2341
17
4279
4499
3115
9359
1970
337
7642
9652
5730
43
9016
9035
6194
599
6367
9525
6227
2803
1496
5655
4039
1126
8300
2735
3039
6455
7641
2304
3219
1640
287
2998
7826
9495
3907
1750
6707
7185
6527
4054
7360
547
7598
6166
2164
3909
4355
7861
1195
6081
95
4314
3920
6438
2492
8611
3950
7506
8963
2943
4441
6998
5635
1140
7354
1172
8689
6845
5412
1732
1078
4993
5037
6173
498
456
38
5348
121
7637
2733
7133
6404
7251
8745
3080
6322
125
1993
6388
1342
3182
7711
7186
2371
9574
9549
4112
9240
1699
6974
3141
6545
5850
3803
9589
1178
2047
6489
6131
5285
5847
4486
1527
2793
3133
1351
9118
8101
7590
5777
4279
7567
3382
7394
2915
2686
3805
304
3429
9948
5152
3956
5431
9640
693
6741
1420
6546
6362
2606
7501
2616
5856
9007
664
3224
3321
5695
7267
1155
5920
4299
6678
7752
970
7311
2704
5754
3711
1592
3696
7723
7213
2355
9998
3097
2768
9177
2557
7589
3228
5914
3565
2404
804
4491
5327
2122
8830
1268
1757
8872
6859
4578
6368
4002
7419
5859
7170
8286
4992
855
51
2122
3592
7580
8374
1560
6109
7699
4516
3290
5723
5984
5149
3511
3874
694
3470
6393
1841
2347
1286
6944
1549
6712
304
989
2688
6293
9682
6998
87
2494
1569
9583
6326
5918
5368
302
1710
5134
4999
944
1279
3533
2344
5731
9852
2592
1304
912
6496
8868
6345
7042
4896
8896
8715
3383
6211
7696
4324
6095
5774
2960
2705
3845
3853
2812
4585
7719
1152
6804
5328
546
6553
8802
9441
5754
1388
1054
2936
2853
4718
5381
481
3353
8922
7707
7828
3807
2096
6009
1795
1273
2091
2538
8948
3419
6392
5556
9728
2517
8299
3029
5224
9095
5899
7730
8839
3075
5197
3133
1144
4085
1627
6539
2696
4877
7123
5115
2372
3042
1664
3027
749
3047
1479
6137
5659
2014
1570
3282
6421
2818
7076
7240
1340
8986
1470
4181
5690
7346
5675
8584
5635
1830
2735
345
254
9505
6443
4792
5230
8602
4023
7888
6002
7683
3845
1846
1117
7378
9952
6557
9512
6427
3030
9244
1559
1707
3395
1039
735
1352
1410
3831
9195
5823
2601
1200
467
2768
3779
8943
382
6622
4763
8968
9723
2056
9102
4184
3034
9277
8657
5066
9820
6242
2026
8417
3531
1304
8329
9514
9546
9761
2363
4039
8876
6948
2330
9906
4258
8386
3343
932
2725
1056
4845
3393
1943
436
6223
9720
4380
8632
2439
1375
973
374
6249
4510
9285
2071
4859
5158
2911
5924
8046
8318
6158
1814
9308
8859
2723
5630
9631
580
9017
4023
3587
5085
9448
4115
8397
4647
7588
8739
8538
3070
1085
6319
3838
4840
4071
9250
9155
1023
5004
9572
703
1155
5959
7227
8237
5004
9013
5250
8007
3091
1379
7770
191
4726
737
796
92
1792
5607
1168
4667
2050
4513
4150
3362
5864
5587
2879
8036
8592
2687
7452
4891
3175
7279
3827
6564
5312
7801
8695
5222
1740
1642
8877
7483
427
9383
2233
1591
6321
5656
3754
8338
8679
3070
9168
5744
60
7738
1407
8480
170
2596
7012
7723
3807
5426
1501
1200
7279
6553
2949
8912
2027
2060
5437
5286
7081
6684
7315
4352
2761
6878
7573
6076
6608
1631
1697
5350
9350
2028
4935
5634
436
4764
9223
4453
3565
202
2095
2887
1945
6547
530
1046
7439
1973
4036
8164
3167
560
2309
4632
1015
1482
4939
739
1386
2111
660
1466
8137
5160
6058
9982
3749
8622
8536
5797
1193
5375
357
8602
7925
3516
8331
7422
8536
8683
782
6029
5968
1594
9796
9315
3390
3029
8832
8441
531
6160
7527
4921
4266
2883
3872
9217
6013
9861
336
589
2858
75
7885
9455
5206
8359
2213
3259
8552
3481
3506
496
6680
693
3683
8902
5516
934
893
8465
3351
9745
1887
5093
9594
4373
4211
2794
3673
9955
3367
5579
1614
6887
690
949
8095
9321
3105
8873
8789
2693
3119
1642
3927
6355
2912
9201
3385
8302
4100
7895
9790
1067
1721
1768
2498
3151
5480
8735
9428
8421
3172
7609
276
4020
2209
6568
92
9641
3732
6624
4835
1708
4555
9442
2576
2187
159
4773
1051
3819
6443
2759
4415
3021
2341
2002
2746
6078
1529
8006
9379
7735
4834
4800
2117
8484
6417
5886
3302
5105
1175
8451
5034
2935
5221
1293
3395
5397
1390
5388
1492
8351
8206
7417
3244
5239
2970
1819
2618
1347
1484
870
3664
3719
7801
9049
6059
6087
5297
2760
7624
5386
7619
9290
6248
2452
1946
1769
5563
4160
8255
7783
6475
5298
8891
2330
9744
6086
3080
8599
1169
6416
9062
8356
8539
3404
4619
9972
9972
1854
5341
9143
4757
9905
733
4588
4315
9201
338
5511
6797
1647
1328
7962
2040
9193
186
3602
2579
7187
3425
6948
6122
4140
1498
8433
9766
24
8228
6631
333
9723
4088
1117
7100
5328
6284
3435
438
8550
6666
8533
9848
3544
519
6651
7589
9133
1808
5214
6072
2793
5452
9849
3504
8853
706
264
2854
7644
2077
9643
1376
7253
5402
8402
4988
2969
4967
6063
5793
5182
1059
4039
2795
1930
1994
9900
5978
3682
5552
1164
3487
8155
6491
3296
2465
361
9734
7767
1381
5851
1263
7817
7056
9337
7242
2840
2348
2435
4719
7750
6375
4666
6778
1253
619
8330
5804
6070
466
1698
4666
4332
9491
580
6560
3767
1078
330
850
1235
9990
78
8345
9495
3876
9365
8160
1152
1487
6261
9699
5246
2844
2177
5102
1711
9476
2059
7293
6610
6190
5995
67
4163
2216
4896
3691
2996
8683
4422
4935
4765
1943
6293
468
7351
6260
3704
3855
5876
894
7545
2289
8214
599
5310
7373
8852
1680
9892
9490
261
638
476
5396
7053
5858
2949
2444
9605
6776
6535
9240
945
5978
9155
4427
7889
7367
404
9504
570
2185
1527
1784
6431
8083
5415
5106
7235
9658
8864
9576
1052
7598
7956
3235
2814
6904
5082
9074
4795
6727
6941
1559
8897
5537
5339
5166
8993
2463
6600
6168
4012
8980
9373
7449
2593
2085
7325
196
6132
3544
399
1443
6995
6555
2525
173
898
5500
4558
6646
4917
6829
8982
8764
8504
4861
7380
65
1900
9895
439
3279
6761
1394
9423
141
4616
6677
7620
1336
5979
3151
2973
9092
9897
9100
1518
7628
3490
5059
3173
2995
5922
2939
6143
4955
4757
3145
3752
8845
4755
1375
3578
1663
2132
1671
9003
8601
7057
7268
4513
4828
9495
2002
4218
3952
9916
6471
9887
5832
799
2396
319
8135
2536
907
1503
9396
4767
4472
1346
2756
8411
6356
3874
5095
2774
2986
8586
9683
4770
1232
8721
7015
7532
8395
7755
6580
2305
7049
2783
5742
8913
6112
4891
8527
6881
4458
9430
4055
6244
7977
9078
9111
1383
5997
5705
6708
850
1550
827
3269
516
8284
275
8160
957
970
8691
906
8105
7445
4381
9791
7107
5495
6038
8647
7492
7300
9646
9065
7292
1615
6827
6467
5963
9842
5309
7170
5707
5403
8434
5725
8602
6331
632
1959
7266
4852
8426
8256
3507
9208
2171
3795
1535
3362
4314
1862
3469
1781
9233
8572
1194
8334
3665
8390
2691
6715
5401
4477
1903
9752
3952
5584
8948
9229
1011
6801
4014
1988
4322
5578
8553
5611
8846
1241
1618
5892
1963
7237
8732
695
5926
8821
1431
9075
1100
4339
7869
2636
4803
2281
9337
6839
259
3466
7203
7869
4667
8052
1882
196
7895
9625
5883
5135
9676
7356
8194
3151
4678
4559
4944
3163
5810
460
3554
7398
4538
5105
8339
784
1394
7378
4804
4512
8667
4225
9877
7480
3224
1014
6428
2607
8941
7797
6653
714
9627
4465
57
3392
7892
993
1295
1822
5846
7090
2193
643
7901
483
1761
4177
4957
4948
5368
2559
6635
87
916
8541
7250
8427
1907
5007
342
329
526
5676
1650
7445
4427
3421
2381
7030
2665
2712
2951
5872
2472
554
3715
6388
1709
9035
898
4826
4538
8038
9869
7892
4389
7946
295
3745
3793
8195
5579
1588
9897
9762
4431
3396
399
594
2254
6212
7097
6464
2222
6848
873
1521
7731
8228
1774
6525
632
124
4847
233
3739
5455
3200
2994
2078
632
6308
5492
150
8106
1415
6447
515
2781
6034
4113
2241
4165
3802
4644
3082
9705
8638
1808
4694
8328
3145
3052
9311
2574
8359
4908
2602
3108
5006
1012
5132
1171
1392
9095
5703
7883
2828
2499
8209
5870
1965
7155
605
1407
2642
4942
9971
5711
1089
7802
7277
2061
4705
7849
1581
2081
1701
2491
6298
842
1715
5337
3537
7041
5919
9121
9151
6721
8201
3151
7095
7109
5404
2345
282
1134
6587
1525
6349
2013
8131
5554
5086
3140
3369
959
88
3587
4418
4478
9935
5228
4311
4482
6796
5111
3294
1499
6944
4455
8444
3040
854
6181
8215
490
3485
5113
6428
6676
9214
4039
3398
3483
6044
4652
6656
3443
9855
9720
8620
8091
5452
5173
2051
8748
9791
4632
359
5331
809
1444
5923
3838
6935
1297
3224
509
3450
5623
5251
5147
5574
3793
6453
4226
787
2505
2256
3361
5383
3195
1944
1592
5118
5307
7284
5982
7903
6965
2992
4466
1872
5258
6519
1966
7838
8102
2454
180
7207
4428
3278
8732
5896
8410
3633
108
8365
16
9054
441
5819
2065
9374
2177
8158
7120
4350
2046
7422
940
4847
8861
8698
4391
2249
9764
2785
2968
2505
1596
6856
248
818
304
7650
7844
3314
1000
4156
1653
2397
5752
665
901
6492
5601
7165
3121
5468
3970
5425
7811
6960
4166
5872
3741
2706
6735
1003
824
4013
9609
5107
6199
1884
1316
6901
4182
9536
5785
9891
392
3279
8680
7870
4814
8071
6220
591
1203
6098
3482
5746
8302
5886
7074
1899
3378
4898
3184
778
3062
2586
6059
3642
343
4820
2290
9715
6567
3567
1901
1565
8234
2050
4604
9529
4317
1339
7693
6389
6339
9450
3237
1463
4652
8672
6447
6848
8799
5936
6077
4736
8599
8412
3751
7106
4344
6846
8633
4053
6666
9233
6048
8378
634
4386
951
7216
9204
5939
7337
5253
5723
763
5287
2389
7492
8228
4517
2258
937
95
9444
5209
4237
1947
9451
5316
2198
2381
1899
1480
2977
9698
7575
3884
6258
7763
705
8460
6794
7202
2215
9047
5847
7197
8217
2042
8210
5540
7697
3246
4713
7359
2707
4749
50
1235
9874
3260
1176
2824
9904
2610
4911
5572
6264
4931
1706
4497
2939
2058
2726
2883
7013
3433
3026
1809
3004
980
3204
2573
5782
7481
3813
6616
1385
1333
6503
6666
6982
4996
9327
1481
6299
5870
8641
3688
6326
2809
7272
9623
3241
3950
136
6726
7386
8129
4775
4522
9703
4215
3633
1713
6470
378
8324
3293
6504
6263
4445
9525
9500
2100
8116
8885
3614
2968
8417
9057
187
2188
9529
6678
1167
6838
1679
4126
5962
1090
6504
3639
972
6872
8910
516
2074
8533
8889
1941
3448
5685
5475
1218
4537
6813
8702
7271
8211
3648
1019
4261
7118
113
8762
5903
2982
1431
1012
8945
7551
5989
6122
41
6941
680
1671
8392
4212
5060
4507
5393
4912
7251
6542
4425
327
2171
2257
9274
6239
1456
8620
3405
8989
1403
2941
4948
3869
6555
4965
5148
5144
6864
9637
8698
8569
86
9738
9951
986
6121
6062
5364
9757
9025
1387
2187
6619
7929
9321
2251
3686
6359
8316
7519
9224
7656
9784
7377
1908
1452
3805
3629
5118
1750
4088
1182
8813
5666
4924
8929
4579
6401
9969
2362
4108
4610
2999
8124
8342
221
1832
59
3093
9733
8981
1574
8873
7245
2402
454
2602
1267
7866
2780
4015
2406
6372
7481
4464
3628
2092
5543
7528
100
1870
2923
6989
7587
1812
9209
8295
5641
1533
5065
8983
4049
195
8353
5086
800
4910
729
7617
8762
3648
5604
6195
9480
2632
2516
2536
4006
6710
86
2150
1660
5342
2432
6028
9418
7091
2320
2826
1521
479
9767
2892
6807
934
8234
1038
6889
2698
4580
7297
7320
305
2453
2475
2701
3549
102
1644
1679
991
8609
4833
9344
7907
7127
4478
487
6210
3141
1130
622
2516
9737
1726
8357
5730
447
3637
2885
8636
7344
1727
4814
5893
2762
3460
8972
9108
1622
7154
2566
7464
7276
1603
6894
2355
616
461
8638
9567
1492
7539
1729
2556
6161
4932
8297
595
1324
528
653
5819
2022
1248
8460
9398
228
2497
3015
58
1840
8575
8053
4932
2046
8567
8051
2137
4187
1836
2200
3105
1467
1751
640
4373
6472
3324
3608
3181
2931
7331
944
8391
9012
6590
3763
1446
3479
7628
3776
7280
6493
6700
4862
1298
271
7648
7274
5001
5645
8987
9450
8910
3676
4502
4610
5399
5657
4874
9668
7013
9781
2801
8786
8125
8360
6308
4760
1093
183
225
9066
8328
3479
5151
8856
6902
8980
1017
9792
3153
366
1064
4421
3420
3086
6558
9343
4075
1051
9983
8684
3484
5925
9919
4637
6640
5492
308
8341
700
167
3411
8897
4341
9086
9220
2619
9026
9393
5139
1110
1957
4918
9082
806
3422
4947
7477
2967
3411
2412
8832
9946
6570
5529
9201
8711
1210
8386
972
2808
3951
4142
8535
887
7653
1318
9407
9715
8018
6765
8891
8278
3498
434
6480
8400
6713
9255
3665
116
8177
3322
2028
8266
7731
4102
3633
6432
9442
1452
7911
3266
8722
6828
4370
825
2710
8275
8721
1337
7018
1355
9154
1402
8971
5902
362
1145
8097
6826
1298
6513
4780
4349
7642
6981
5701
5377
4753
9522
1081
5185
321
8796
9558
2447
353
2852
3673
4420
3609
8581
6240
2255
5087
8308
2693
1707
1288
2344
8972
2838
997
5811
7218
2131
5858
7788
1871
6401
4659
2544
1925
1720
9750
9400
406
307
9016
784
8267
6786
5411
7385
9003
6683
7408
2950
1427
2302
7754
3329
3326
5216
4122
8042
31
5627
7860
4829
9753
9632
1330
7217
1326
2639
8281
7770
4000
8144
5685
9840
4001
8793
9745
1740
3388
4577
2045
8559
4242
2366
5205
1741
3021
2635
536
9215
9502
3964
4488
2677
823
8656
8009
8957
6703
3765
1454
1318
9054
4470
8755
585
928
1836
2112
3704
759
808
6657
7281
6597
4242
4060
1128
9469
7666
3669
1452
5362
9294
492
3177
9078
7660
7756
7958
5672
8965
9857
7954
6272
6534
4781
8186
794
175
7913
8916
8319
2698
9057
225
1743
2401
2255
7690
3231
9246
9504
9682
752
7729
7198
6682
867
8849
2070
1128
5181
4174
5712
252
2455
1596
1979
47
7343
2221
2196
2453
8239
9465
8792
4517
1734
6735
46
8630
3546
9215
2564
220
3493
5284
766
7038
5600
4990
3897
1009
2086
7201
4630
3086
7442
9502
6393
7691
9765
1891
1667
8048
7318
1587
3591
6718
2515
9628
6091
9530
1458
3856
4754
2392
5878
18
4541
4205
4975
8520
3325
7711
7982
9908
3438
7488
8369
7489
7548
7314
536
8810
8297
7326
2405
4253
4932
7869
9707
8635
3625
5781
9346
585
5803
4197
3628
3222
9165
9553
3365
6866
8758
2144
2248
2925
8844
9046
7837
2766
4323
4577
9655
5044
6558
1631
4982
7481
2789
8924
9539
7249
2248
8713
9449
724
4105
5910
3083
6802
3529
9858
9677
1391
6446
2565
2875
8158
4341
7153
3709
3017
892
4257
5695
5009
7949
4965
735
6811
8138
2407
481
2343
7634
7652
9373
9577
1630
385
10000
4596
9977
9381
9567
8726
4430
3198
6581
1647
1194
6331
669
4668
4453
7954
7582
7591
9932
7035
9070
9583
6008
7994
1405
4330
9010
9126
8171
9352
8134
6189
7657
1773
4943
933
231
6008
8076
777
2104
2070
5787
5168
1241
6922
5484
8811
2112
2802
6758
6357
7606
8838
5210
2939
4448
9371
246
9840
8621
8316
3470
8512
892
2459
9236
2574
8479
687
4328
2093
6024
9612
466
862
5051
8958
7915
1847
5421
4686
406
523
6916
4390
774
6436
97
8907
1960
2190
7907
8187
5182
5071
2980
2510
5136
8981
883
3142
7858
1610
4494
450
3505
4331
1072
1815
1243
4830
9122
5515
5265
2700
3483
7487
9535
6952
8364
6657
9372
3555
3141
3430
5265
4110
4891
8069
8520
7371
1255
7101
8076
6856
1529
9185
6860
3367
5953
6969
3944
5833
1762
8689
7820
9893
2598
1569
9790
7519
9709
756
4706
3801
7733
8810
9771
1987
2017
3570
1044
4576
180
2882
4523
3585
9681
8236
3841
964
7204
9295
2335
2418
8975
471
1966
9893
9776
3091
7350
5080
2061
2288
8598
7649
5831
994
2177
8551
6516
3678
1959
6504
3251
882
963
7938
7843
6273
6242
5720
8436
9182
8305
2895
9234
3962
7162
2947
1036
6273
3505
7296
837
8967
2497
1730
5465
5181
692
7206
6026
1135
1058
2279
8920
7589
3534
7287
76
1457
6475
4462
244
7953
2484
3029
9392
9457
4645
1309
8168
89
1528
6062
2091
592
7137
5709
4064
9009
7155
7666
8016
6090
1259
5088
3961
6451
4373
1016
4518
4487
2701
3421
8836
6458
6287
994
1209
7033
6218
7830
9624
2704
1584
2002
540
8883
1718
3495
8367
3650
5262
9863
9421
7331
9879
3101
5324
2359
6557
5985
2798
8930
7890
8394
3820
6475
6156
7787
3350
3675
5691
6747
7481
297
9062
5983
1807
5543
8071
4993
9942
3567
7172
8392
5147
374
111
8466
8510
4207
2937
1616
6025
3784
7256
6685
8855
386
5594
7542
2217
2321
3969
4887
6792
898
9941
6695
6576
2263
136
6072
8631
2061
7260
1350
1867
3940
2778
1766
2054
3522
2481
4275
5299
8441
6399
2360
8506
8275
4804
5966
2565
8681
8969
9378
3159
6133
8224
1224
6237
4931
5988
3387
4541
2268
5336
783
9897
4647
2893
1321
7742
6562
2948
3445
7221
1246
2425
4935
120
2212
7030
8959
8034
4600
2690
3612
7018
4748
9896
1421
6423
5165
7612
3905
3942
1775
3485
6738
8691
4417
9233
9034
8006
4646
7834
6099
5788
455
4395
1870
9465
1204
9273
8563
2823
3787
682
519
745
9428
522
2160
5260
9306
9697
1715
6944
4849
2666
8035
7491
6096
3537
3223
9854
2558
2606
1797
371
953
8924
9115
3822
1169
9698
1767
6241
4876
9734
7896
9244
6482
5360
11
303
4716
2961
9553
949
443
7242
6931
9584
7458
3007
6943
1939
8412
7939
1373
5769
4444
9988
5737
5627
6654
2667
447
7604
5775
5017
4286
903
4508
2026
8120
774
7076
4319
4078
8627
6736
2503
501
1417
9922
559
36
4651
518
579
9874
1558
7849
5768
639
6495
4345
9381
4160
8323
1330
7325
4187
2032
4838
9695
7177
4658
8221
6978
8319
3520
4969
3662
1312
4551
1315
6727
9918
6574
3556
2872
7398
7075
9209
6162
9332
2081
3717
6135
2707
3265
9533
2990
2216
6281
1754
8993
2313
7867
2523
6305
1101
5872
8457
3221
482
5686
2280
1759
8248
6411
7133
2866
961
5388
6680
8990
5726
9503
6233
4962
7241
377
5637
9883
9844
7526
468
8427
5289
712
9795
9146
5804
4994
9818
5502
5450
3850
6435
1815
8784
7762
1496
4159
7493
3188
2594
6589
6448
1261
3837
6197
5739
4980
9452
5792
513
3147
7016
6893
6933
5075
7519
5386
5022
6174
5811
2784
9327
3517
6917
2625
8677
8280
1322
9054
3531
9393
8164
7569
171
367
7379
5588
6735
3986
5916
5044
4669
7531
2105
1648
7021
2411
6374
5120
2394
6580
1199
8607
3586
1627
2866
8896
9861
6283
4204
4114
1470
3181
1668
7089
5934
8726
9430
1463
6338
6368
3456
5646
5320
3796
6386
8046
2254
8930
6155
6204
8187
7559
501
3758
4513
543
4727
1974
7420
9307
8580
7168
9247
7517
9946
922
3533
2402
6234
464
8403
8146
7509
8679
4015
2233
3978
9042
7370
8364
8519
3589
9587
5149
4162
794
5414
1395
6273
6502
5598
2552
1764
2391
8740
5046
1498
1582
1250
4486
4063
7951
647
7450
9939
1747
6866
9409
2533
6478
804
7604
8762
7175
441
8075
5850
959
6914
7956
9458
6974
1866
6830
9583
8705
2228
3291
3985
1458
8379
2650
1179
2641
9896
4604
398
371
9886
8295
4285
9970
8898
7480
5494
2526
2466
9331
1229
9632
4103
3058
7654
5946
4602
4245
2849
7624
785
3021
9792
3411
2648
796
7712
1336
1103
7958
3004
3134
3805
1227
6880
5413
4153
998
6400
9815
4535
3104
2964
7697
5278
9082
356
4607
8256
9050
2233
3341
7211
6992
3052
6520
7839
295
2240
8950
8468
1802
6600
5061
2020
4181
2747
805
2527
3215
2687
1596
3727
8525
1798
2535
5094
3923
3813
9882
256
7334
4281
4129
1183
4305
8766
5750
3341
3637
4914
2137
8446
5136
2505
2319
5857
7887
4999
8748
8310
7767
1782
8534
921
3635
6310
2478
7158
239
181
6556
4318
8346
9051
1950
2193
6221
4737
3248
3631
5828
4330
3647
5930
7120
6643
9744
9153
9490
4334
2722
2634
5827
3310
708
3847
7780
8472
4405
8871
1266
5851
5155
6289
7096
8126
6627
6856
2992
8851
9542
9672
9267
5272
9181
971
9066
9432
6155
3968
1044
2176
7608
7135
5255
6856
113
68
183
6787
503
8943
7453
7992
517
1289
759
8266
5770
759
3212
8087
7142
4847
2836
5584
3892
2188
9589
1139
2805
4255
1497
1573
4557
6916
3237
5957
116
5259
1263
921
29
689
8886
4099
6915
5253
2824
2484
6021
5780
2331
2868
2981
6060
6936
686
1401
7478
4138
9323
9316
8491
7169
6501
9523
8668
5598
3873
6879
4955
9054
4995
520
8794
8240
5934
4154
7773
9173
3237
2515
6243
5554
6393
5697
1511
7030
3986
4609
1128
6605
6329
6271
7027
7581
281
9673
254
6667
9404
1280
1294
8361
5599
8332
1050
1964
6757
3471
8548
9472
5202
3968
5159
9891
664
381
5022
2063
8156
4701
4209
5315
5357
8546
8127
8717
8893
4832
4368
5512
8511
4951
8925
8275
4168
8618
6820
9553
9728
871
1614
8321
3688
3531
9303
8746
447
4950
8901
1405
3396
8429
9700
2179
106
8519
3601
4068
3099
831
5812
3808
8150
3581
4816
5927
6218
9243
1251
1327
4684
8394
2887
8195
8039
8803
3293
7505
8826
2881
9033
6639
1173
9277
4714
5143
5146
3840
8247
9299
2808
6012
5299
3611
1875
803
9403
6165
9270
2775
4637
4029
7760
1461
7143
9197
7421
4366
3304
1672
2550
821
8811
8656
2485
2567
1782
8110
5267
9903
2406
2036
9684
9358
6591
1073
2758
2880
549
8843
9005
245
5878
1683
3410
3069
181
2464
7002
6729
6823
5219
1146
5009
394
386
6209
4182
170
3387
2600
1754
769
2551
5494
7460
5830
7904
7294
3972
6685
3888
5178
4360
7843
7789
3870
7584
9350
2845
4651
3938
5284
97
7468
3352
5094
1880
6299
6746
2523
5614
8911
6406
1576
9552
2258
4477
2064
6620
4174
5144
8168
7808
6559
2027
6052
2499
5630
2177
2774
9536
3132
7597
9219
9224
2512
927
6480
3186
9351
3725
7731
9591
3786
5367
4784
2847
2148
356
4276
6487
6491
2389
6722
5233
5919
2818
4353
6821
5219
314
9901
7067
944
3092
4418
8748
898
3583
9386
1447
1808
4536
9111
6355
2311
5415
9274
5160
9475
8016
4204
3828
6363
249
3405
1116
8650
2716
9906
704
3363
2872
2396
6705
4057
847
3556
3497
3830
1147
7308
694
770
2954
4514
5015
7570
6363
5492
5392
9194
5550
4305
1658
9758
2003
8680
7956
1926
5948
9177
9247
9539
4558
3625
6827
1692
390
5580
1718
1652
5790
6501
4482
5019
4372
649
3141
3701
3821
7715
8902
6133
8198
8568
3389
7254
3597
4525
154
2691
7211
1375
3865
5977
7952
2018
9400
3562
6534
6552
5436
3894
6467
1996
6908
7992
8521
1497
5048
5940
9744
9006
4623
8581
3163
3560
3999
2275
3047
4348
6937
4520
6891
7218
488
5300
5299
4379
6505
4909
8364
9824
6577
1056
5283
302
1874
6663
7802
9869
8651
4754
2576
3639
3793
9347
9888
2626
2034
5836
4383
4649
7790
6839
7743
9449
2745
3290
3027
344
817
4360
338
5798
8722
8493
5616
1885
6408
9126
4316
7360
3448
183
3323
4668
8773
3359
2097
7077
941
7382
8431
4765
1060
6546
8872
60
9985
9900
8919
600
1525
5559
522
7792
299
7433
5109
5718
3308
9163
8197
3141
2750
5679
3866
1111
4540
1646
2850
5634
6921
5401
9217
8086
8326
6010
5506
3576
5706
1579
8470
8127
7716
3199
2287
6103
5570
8100
3952
3612
5698
6286
1102
4672
9214
5670
8265
8920
3811
4005
3811
2530
707
1953
4760
8398
837
2688
3120
2440
7584
8893
8225
6713
458
3105
6391
3877
2441
8887
7238
146
5205
5707
4543
5580
3518
8318
9829
9688
3472
3758
761
3570
2355
9422
9460
3885
7126
515
291
907
5729
5456
6432
9273
3424
3497
5151
4416
6213
74
9878
6687
8827
7598
6612
369
8526
9257
5195
7469
9226
9813
5492
8399
7787
1974
2744
4391
820
5357
515
9968
7959
9716
2540
6375
37
4614
2974
1639
933
6562
6953
2091
2653
2750
3534
3062
2262
15
6636
1965
4801
1095
7460
1312
7267
7093
9310
3098
8256
9780
6283
475
6820
9418
9705
547
9179
9513
7616
1712
2377
7578
4470
4267
9955
763
717
998
1764
7157
3518
4704
3978
9389
1538
2304
6726
3175
3756
9812
610
5142
8294
5451
5779
9702
3963
9429
642
3233
8860
4586
8632
8649
4185
2717
6133
2475
3212
6393
4688
3628
9837
8080
9333
4231
4739
7725
3155
6909
833
319
1806
2195
758
9214
5792
945
5358
8218
2678
8826
1466
4541
4460
4070
5884
8721
6671
4923
8916
6283
5298
2496
9830
7086
1351
4358
6582
3633
5309
4581
2538
4910
3886
2244
9381
3530
8108
1023
8676
8528
7928
8211
8777
652
5729
9185
6681
4335
68
1908
1975
6713
5774
164
6132
5562
6709
7690
5206
1997
8184
7745
8666
9723
1682
3301
5426
5204
9600
832
4534
2215
2793
6665
4899
4885
9469
3169
4526
4419
9180
6519
6275
6675
1890
5485
1695
9174
2606
8922
9275
6343
8489
380
6068
2664
7114
3550
325
2538
5116
6403
5213
543
1692
1066
9997
3922
7534
2993
6876
5338
769
918
4229
1675
6476
9734
1017
1814
9977
9202
3465
8886
662
9338
5193
2143
624
5499
9587
309
3737
8585
4066
8317
2584
3923
7398
2654
3736
4364
4072
3437
8078
6706
8898
8147
5868
9742
1603
5800
8443
7723
8689
2803
8186
6562
7198
7430
6561
7436
4016
69
5571
7446
1322
8739
4132
1152
8123
9249
5656
9233
9526
8837
3761
3641
1693
2080
8749
13
9342
5983
1210
7557
2354
9508
5450
8625
4026
178
2455
6367
242
46
8645
9364
3978
7853
1708
2415
8598
2159
5319
9497
3257
8203
6919
5983
7729
672
1221
8011
7358
9318
9567
2324
4728
6456
2760
7244
6899
17
7937
6387
9628
6063
5538
6957
209
8630
5316
9518
2263
1670
242
8353
7637
3920
5108
3092
3520
1424
2106
4893
930
6977
8386
1715
1823
5356
1894
2519
7483
1598
1563
3923
7566
8516
9037
6012
7877
2187
3900
4124
5450
3668
1178
9701
283
7347
2300
671
7720
3166
1239
2949
9418
4077
3400
5
8986
1200
8032
8221
1288
1885
7873
5186
3321
1752
5089
8505
4018
7859
1589
5698
8516
4420
3472
2258
4278
9044
1049
8132
4216
9159
8785
2801
4240
5483
4090
3123
8558
6010
9008
3321
7767
9202
689
3716
546
8131
454
7217
7356
1199
3840
8757
8794
5425
4035
3888
9063
3885
8436
2008
9617
8583
7830
6222
5748
3530
5874
4696
9612
9880
926
4223
8330
5756
4783
2305
5892
4769
4418
8597
1011
3281
8753
4960
2053
4954
8406
7097
810
982
9175
4697
3902
6862
8005
5490
3201
9680
385
6042
9314
9472
8953
4585
7824
1917
5946
6383
4766
4695
8447
7230
3328
2233
6931
7452
4977
6137
7246
3682
9165
3088
624
5718
59
4391
9932
4828
4699
242
435
2687
957
1073
6324
1245
400
6423
6964
9319
86
1755
6376
9618
276
9610
9233
6022
2619
9581
8021
8672
8840
5923
9284
2908
2570
1635
986
825
2101
3875
902
804
398
7866
2358
7747
9141
2358
148
8127
5735
3745
7430
8497
4887
9792
4946
4508
6887
375
5045
9601
6522
7567
5655
8011
5675
4300
9451
3579
7556
4227
5387
8812
6419
7730
7320
710
9770
1519
2231
9993
9471
7639
4885
4309
9053
6653
2170
7369
9996
9636
2839
6450
8308
8558
3338
7083
2932
3211
9964
8190
3360
4364
7717
3208
8990
9002
8426
9221
5984
231
9056
4894
7605
2251
2168
2597
5100
2188
1351
9076
8958
9052
9721
4762
7841
8525
1599
2853
6559
9952
901
1281
1557
7415
3825
6617
7941
5183
3012
9497
1307
18
8320
918
5608
1633
3809
5327
3756
7808
9374
4825
721
4883
4709
9127
1744
6269
6469
5140
2374
9656
6290
7887
6869
6839
3580
8702
9239
7318
6863
9044
4424
7581
4556
1630
6946
6182
5409
4890
4327
23
8170
5951
4815
6826
3869
137
78
5016
2679
5665
9142
8186
2879
5513
150
2918
41
1449
7641
8557
5670
3953
3504
1775
2670
1543
5990
6651
2272
7424
985
685
7415
9095
5572
3078
7529
2800
2215
1896
4619
7394
7820
8930
674
1010
1157
8870
6504
849
3441
4516
2447
1346
1825
3428
3212
3357
6701
8820
5985
6672
8324
9737
6843
6840
1063
7050
3402
3795
5001
6418
4891
1808
3054
2591
4317
1110
1545
9654
2850
9411
9900
3091
528
6842
8879
783
4839
6023
2149
9480
4754
9301
8407
6828
6173
2110
3190
7826
6566
3441
6636
3166
3255
9335
6746
139
7912
71
3944
8537
3209
4291
8288
3885
3585
4223
1691
5631
2825
5367
7662
7108
7670
4289
2489
857
4953
4816
3991
1476
2889
7087
7436
9681
727
7989
9533
9834
9346
